xe	re	ue	pe	Ee
0	1	0.75	1	2.78125
0.002	1	0.75	1	2.78125
0.004	1	0.75	1	2.78125
0.006	1	0.75	1	2.78125
0.008	1	0.75	1	2.78125
0.01	1	0.75	1	2.78125
0.012	1	0.75	1	2.78125
0.014	1	0.75	1	2.78125
0.016	1	0.75	1	2.78125
0.018	1	0.75	1	2.78125
0.02	1	0.75	1	2.78125
0.022	1	0.75	1	2.78125
0.024	1	0.75	1	2.78125
0.026	1	0.75	1	2.78125
0.028	1	0.75	1	2.78125
0.03	1	0.75	1	2.78125
0.032	1	0.75	1	2.78125
0.034	1	0.75	1	2.78125
0.036	1	0.75	1	2.78125
0.038	1	0.75	1	2.78125
0.04	1	0.75	1	2.78125
0.042	1	0.75	1	2.78125
0.044	1	0.75	1	2.78125
0.046	1	0.75	1	2.78125
0.048	1	0.75	1	2.78125
0.05	1	0.75	1	2.78125
0.052	1	0.75	1	2.78125
0.054	1	0.75	1	2.78125
0.056	1	0.75	1	2.78125
0.058	1	0.75	1	2.78125
0.06	1	0.75	1	2.78125
0.062	1	0.75	1	2.78125
0.064	1	0.75	1	2.78125
0.066	1	0.75	1	2.78125
0.068	1	0.75	1	2.78125
0.07	1	0.75	1	2.78125
0.072	1	0.75	1	2.78125
0.074	1	0.75	1	2.78125
0.076	1	0.75	1	2.78125
0.078	1	0.75	1	2.78125
0.08	1	0.75	1	2.78125
0.082	1	0.75	1	2.78125
0.084	1	0.75	1	2.78125
0.086	1	0.75	1	2.78125
0.088	1	0.75	1	2.78125
0.09	1	0.75	1	2.78125
0.092	1	0.75	1	2.78125
0.094	1	0.75	1	2.78125
0.096	1	0.75	1	2.78125
0.098	1	0.75	1	2.78125
0.1	1	0.75	1	2.78125
0.102	1	0.75	1	2.78125
0.104	1	0.75	1	2.78125
0.106	1	0.75	1	2.78125
0.108	1	0.75	1	2.78125
0.11	1	0.75	1	2.78125
0.112	1	0.75	1	2.78125
0.114	1	0.75	1	2.78125
0.116	1	0.75	1	2.78125
0.118	1	0.75	1	2.78125
0.12	1	0.75	1	2.78125
0.122	1	0.75	1	2.78125
0.124	1	0.75	1	2.78125
0.126	1	0.75	1	2.78125
0.128	1	0.75	1	2.78125
0.13	1	0.75	1	2.78125
0.132	1	0.75	1	2.78125
0.134	1	0.75	1	2.78125
0.136	1	0.75	1	2.78125
0.138	1	0.75	1	2.78125
0.14	1	0.75	1	2.78125
0.142	1	0.75	1	2.78125
0.144	1	0.75	1	2.78125
0.146	1	0.75	1	2.78125
0.148	1	0.75	1	2.78125
0.15	1	0.75	1	2.78125
0.152	1	0.75	1	2.78125
0.154	1	0.75	1	2.78125
0.156	1	0.75	1	2.78125
0.158	1	0.75	1	2.78125
0.16	1	0.75	1	2.78125
0.162	1	0.75	1	2.78125
0.164	1	0.75	1	2.78125
0.166	1	0.75	1	2.78125
0.168	1	0.75	1	2.78125
0.17	1	0.75	1	2.78125
0.172	1	0.75	1	2.78125
0.174	1	0.75	1	2.78125
0.176	1	0.75	1	2.78125
0.178	1	0.75	1	2.78125
0.18	1	0.75	1	2.78125
0.182	1	0.75	1	2.78125
0.184	1	0.75	1	2.78125
0.186	1	0.75	1	2.78125
0.188	1	0.75	1	2.78125
0.19	1	0.75	1	2.78125
0.192	1	0.75	1	2.78125
0.194	1	0.75	1	2.78125
0.196	1	0.75	1	2.78125
0.198	1	0.75	1	2.78125
0.2	1	0.75	1	2.78125
0.202	1	0.75	1	2.78125
0.204	1	0.75	1	2.78125
0.206	1	0.75	1	2.78125
0.208	1	0.75	1	2.78125
0.21	1	0.75	1	2.78125
0.212	1	0.75	1	2.78125
0.214	1	0.75	1	2.78125
0.216	1	0.75	1	2.78125
0.218	1	0.75	1	2.78125
0.22	1	0.75	1	2.78125
0.222	1	0.75	1	2.78125
0.224	1	0.75	1	2.78125
0.226	1	0.75	1	2.78125
0.228	1	0.75	1	2.78125
0.23	1	0.75	1	2.78125
0.232	1	0.75	1	2.78125
0.234	1	0.75	1	2.78125
0.236	1	0.75	1	2.78125
0.238	1	0.75	1	2.78125
0.24	1	0.75	1	2.78125
0.242	1	0.75	1	2.78125
0.244	1	0.75	1	2.78125
0.246	1	0.75	1	2.78125
0.248	1	0.75	1	2.78125
0.25	1	0.75	1	2.78125
0.252	1	0.75	1	2.78125
0.254	1	0.75	1	2.78125
0.256	1	0.75	1	2.78125
0.258	1	0.75	1	2.78125
0.26	1	0.75	1	2.78125
0.262	1	0.75	1	2.78125
0.264	1	0.75	1	2.78125
0.266	1	0.75	1	2.78125
0.268	1	0.75	1	2.78125
0.27	1	0.75	1	2.78125
0.272	1	0.75	1	2.78125
0.274	1	0.75	1	2.78125
0.276	1	0.75	1	2.78125
0.278	1	0.75	1	2.78125
0.28	1	0.75	1	2.78125
0.282	1	0.75	1	2.78125
0.284	1	0.75	1	2.78125
0.286	1	0.75	1	2.78125
0.288	1	0.75	1	2.78125
0.29	1	0.75	1	2.78125
0.292	1	0.75	1	2.78125
0.294	1	0.75	1	2.78125
0.296	1	0.75	1	2.78125
0.298	1	0.75	1	2.78125
0.3	1	0.75	1	2.78125
0.302	1	0.75	1	2.78125
0.304	1	0.75	1	2.78125
0.306	1	0.75	1	2.78125
0.308	1	0.75	1	2.78125
0.31	1	0.75	1	2.78125
0.312	1	0.75	1	2.78125
0.314	1	0.75	1	2.78125
0.316	1	0.75	1	2.78125
0.318	1	0.75	1	2.78125
0.32	1	0.75	1	2.78125
0.322	1	0.75	1	2.78125
0.324	1	0.75	1	2.78125
0.326	1	0.75	1	2.78125
0.328	1	0.75	1	2.78125
0.33	1	0.75	1	2.78125
0.332	1	0.75	1	2.78125
0.334	1	0.75	1	2.78125
0.336	1	0.75	1	2.78125
0.338	1	0.75	1	2.78125
0.34	1	0.75	1	2.78125
0.342	1	0.75	1	2.78125
0.344	1	0.75	1	2.78125
0.346	1	0.75	1	2.78125
0.348	1	0.75	1	2.78125
0.35	1	0.75	1	2.78125
0.352	1	0.75	1	2.78125
0.354	1	0.75	1	2.78125
0.356	1	0.75	1	2.78125
0.358	1	0.75	1	2.78125
0.36	1	0.75	1	2.78125
0.362	1	0.75	1	2.78125
0.364	1	0.75	1	2.78125
0.366	1	0.75	1	2.78125
0.368	1	0.75	1	2.78125
0.37	1	0.75	1	2.78125
0.372	1	0.75	1	2.78125
0.374	1	0.75	1	2.78125
0.376	1	0.75	1	2.78125
0.378	1	0.75	1	2.78125
0.38	1	0.75	1	2.78125
0.382	1	0.75	1	2.78125
0.384	1	0.75	1	2.78125
0.386	1	0.75	1	2.78125
0.388	1	0.75	1	2.78125
0.39	1	0.75	1	2.78125
0.392	1	0.75	1	2.78125
0.394	1	0.75	1	2.78125
0.396	1	0.75	1	2.78125
0.398	1	0.75	1	2.78125
0.4	1	0.75	1	2.78125
0.402	1	0.75	1	2.78125
0.404	1	0.75	1	2.78125
0.406	1	0.75	1	2.78125
0.408	1	0.75	1	2.78125
0.41	1	0.75	1	2.78125
0.412	1	0.75	1	2.78125
0.414	1	0.75	1	2.78125
0.416	1	0.75	1	2.78125
0.418	1	0.75	1	2.78125
0.42	1	0.75	1	2.78125
0.422	1	0.75	1	2.78125
0.424	1	0.75	1	2.78125
0.426	1	0.75	1	2.78125
0.428	1	0.75	1	2.78125
0.43	1	0.75	1	2.78125
0.432	1	0.75	1	2.78125
0.434	1	0.75	1	2.78125
0.436	0.995395869	0.755457742	0.993560158	2.780747694
0.438	0.98607498	0.766568853	0.980559418	2.779830276
0.44	0.976824048	0.777679964	0.967704765	2.779053951
0.442	0.967642676	0.788791075	0.954994828	2.77841872
0.444	0.958530473	0.799902186	0.942428245	2.777924582
0.446	0.949487046	0.811013297	0.930003668	2.777571538
0.448	0.940512006	0.822124408	0.917719757	2.777359587
0.45	0.931604964	0.833235519	0.905575181	2.77728873
0.452	0.922765533	0.844346631	0.893568622	2.777358966
0.454	0.913993327	0.855457742	0.88169877	2.777570296
0.456	0.905287962	0.866568853	0.869964325	2.777922719
0.458	0.896649056	0.877679964	0.858363998	2.778416236
0.46	0.888076227	0.888791075	0.846896508	2.779050846
0.462	0.879569095	0.899902186	0.835560586	2.779826549
0.464	0.871127282	0.911013297	0.824354971	2.780743346
0.466	0.862750411	0.922124408	0.813278413	2.781801237
0.468	0.854438107	0.933235519	0.802329671	2.783000221
0.47	0.846189996	0.944346631	0.791507513	2.784340299
0.472	0.838005705	0.955457742	0.780810717	2.785821469
0.474	0.829884864	0.966568853	0.770238071	2.787443734
0.476	0.821827101	0.977679964	0.759788372	2.789207092
0.478	0.81383205	0.988791075	0.749460425	2.791111543
0.48	0.805899344	0.999902186	0.739253047	2.793157088
0.482	0.798028617	1.011013297	0.729165062	2.795343726
0.484	0.790219505	1.022124408	0.719195305	2.797671458
0.486	0.782471646	1.033235519	0.709342618	2.800140283
0.488	0.774784679	1.044346631	0.699605853	2.802750202
0.49	0.767158245	1.055457742	0.689983872	2.805501214
0.492	0.759591984	1.066568853	0.680475545	2.80839332
0.494	0.75208554	1.077679964	0.67107975	2.811426519
0.496	0.744638558	1.088791075	0.661795377	2.814600812
0.498	0.737250684	1.099902186	0.652621321	2.817916198
0.5	0.729921565	1.111013297	0.643556488	2.821372678
0.502	0.722650851	1.122124408	0.634599792	2.824970251
0.504	0.71543819	1.133235519	0.625750157	2.828708917
0.506	0.708283236	1.144346631	0.617006513	2.832588677
0.508	0.701185641	1.155457742	0.6083678	2.836609531
0.51	0.694145059	1.166568853	0.599832968	2.840771478
0.512	0.687161147	1.177679964	0.591400972	2.845074518
0.514	0.680233561	1.188791075	0.583070779	2.849518652
0.516	0.67336196	1.199902186	0.574841362	2.85410388
0.518	0.666546005	1.211013297	0.566711703	2.858830201
0.52	0.659785356	1.222124408	0.558680793	2.863697615
0.522	0.653079676	1.233235519	0.550747628	2.868706123
0.524	0.646428629	1.244346631	0.542911218	2.873855724
0.526	0.639831881	1.255457742	0.535170575	2.879146419
0.528	0.633289099	1.266568853	0.527524722	2.884578207
0.53	0.626799951	1.277679964	0.519972691	2.890151089
0.532	0.620364106	1.288791075	0.51251352	2.895865064
0.534	0.613981235	1.299902186	0.505146255	2.901720133
0.536	0.607651011	1.311013297	0.497869951	2.907716295
0.538	0.601373108	1.322124408	0.49068367	2.91385355
0.54	0.5951472	1.333235519	0.483586482	2.920131899
0.542	0.588972963	1.344346631	0.476577465	2.926551342
0.544	0.582850076	1.355457742	0.469655703	2.933111878
0.546	0.579866687	1.360905519	0.466293567	2.936380057
0.548	0.579866687	1.360905519	0.466293567	2.936380057
0.55	0.579866687	1.360905519	0.466293567	2.936380057
0.552	0.579866687	1.360905519	0.466293567	2.936380057
0.554	0.579866687	1.360905519	0.466293567	2.936380057
0.556	0.579866687	1.360905519	0.466293567	2.936380057
0.558	0.579866687	1.360905519	0.466293567	2.936380057
0.56	0.579866687	1.360905519	0.466293567	2.936380057
0.562	0.579866687	1.360905519	0.466293567	2.936380057
0.564	0.579866687	1.360905519	0.466293567	2.936380057
0.566	0.579866687	1.360905519	0.466293567	2.936380057
0.568	0.579866687	1.360905519	0.466293567	2.936380057
0.57	0.579866687	1.360905519	0.466293567	2.936380057
0.572	0.579866687	1.360905519	0.466293567	2.936380057
0.574	0.579866687	1.360905519	0.466293567	2.936380057
0.576	0.579866687	1.360905519	0.466293567	2.936380057
0.578	0.579866687	1.360905519	0.466293567	2.936380057
0.58	0.579866687	1.360905519	0.466293567	2.936380057
0.582	0.579866687	1.360905519	0.466293567	2.936380057
0.584	0.579866687	1.360905519	0.466293567	2.936380057
0.586	0.579866687	1.360905519	0.466293567	2.936380057
0.588	0.579866687	1.360905519	0.466293567	2.936380057
0.59	0.579866687	1.360905519	0.466293567	2.936380057
0.592	0.579866687	1.360905519	0.466293567	2.936380057
0.594	0.579866687	1.360905519	0.466293567	2.936380057
0.596	0.579866687	1.360905519	0.466293567	2.936380057
0.598	0.579866687	1.360905519	0.466293567	2.936380057
0.6	0.579866687	1.360905519	0.466293567	2.936380057
0.602	0.579866687	1.360905519	0.466293567	2.936380057
0.604	0.579866687	1.360905519	0.466293567	2.936380057
0.606	0.579866687	1.360905519	0.466293567	2.936380057
0.608	0.579866687	1.360905519	0.466293567	2.936380057
0.61	0.579866687	1.360905519	0.466293567	2.936380057
0.612	0.579866687	1.360905519	0.466293567	2.936380057
0.614	0.579866687	1.360905519	0.466293567	2.936380057
0.616	0.579866687	1.360905519	0.466293567	2.936380057
0.618	0.579866687	1.360905519	0.466293567	2.936380057
0.62	0.579866687	1.360905519	0.466293567	2.936380057
0.622	0.579866687	1.360905519	0.466293567	2.936380057
0.624	0.579866687	1.360905519	0.466293567	2.936380057
0.626	0.579866687	1.360905519	0.466293567	2.936380057
0.628	0.579866687	1.360905519	0.466293567	2.936380057
0.63	0.579866687	1.360905519	0.466293567	2.936380057
0.632	0.579866687	1.360905519	0.466293567	2.936380057
0.634	0.579866687	1.360905519	0.466293567	2.936380057
0.636	0.579866687	1.360905519	0.466293567	2.936380057
0.638	0.579866687	1.360905519	0.466293567	2.936380057
0.64	0.579866687	1.360905519	0.466293567	2.936380057
0.642	0.579866687	1.360905519	0.466293567	2.936380057
0.644	0.579866687	1.360905519	0.466293567	2.936380057
0.646	0.579866687	1.360905519	0.466293567	2.936380057
0.648	0.579866687	1.360905519	0.466293567	2.936380057
0.65	0.579866687	1.360905519	0.466293567	2.936380057
0.652	0.579866687	1.360905519	0.466293567	2.936380057
0.654	0.579866687	1.360905519	0.466293567	2.936380057
0.656	0.579866687	1.360905519	0.466293567	2.936380057
0.658	0.579866687	1.360905519	0.466293567	2.936380057
0.66	0.579866687	1.360905519	0.466293567	2.936380057
0.662	0.579866687	1.360905519	0.466293567	2.936380057
0.664	0.579866687	1.360905519	0.466293567	2.936380057
0.666	0.579866687	1.360905519	0.466293567	2.936380057
0.668	0.579866687	1.360905519	0.466293567	2.936380057
0.67	0.579866687	1.360905519	0.466293567	2.936380057
0.672	0.579866687	1.360905519	0.466293567	2.936380057
0.674	0.579866687	1.360905519	0.466293567	2.936380057
0.676	0.579866687	1.360905519	0.466293567	2.936380057
0.678	0.579866687	1.360905519	0.466293567	2.936380057
0.68	0.579866687	1.360905519	0.466293567	2.936380057
0.682	0.579866687	1.360905519	0.466293567	2.936380057
0.684	0.579866687	1.360905519	0.466293567	2.936380057
0.686	0.579866687	1.360905519	0.466293567	2.936380057
0.688	0.579866687	1.360905519	0.466293567	2.936380057
0.69	0.579866687	1.360905519	0.466293567	2.936380057
0.692	0.579866687	1.360905519	0.466293567	2.936380057
0.694	0.579866687	1.360905519	0.466293567	2.936380057
0.696	0.579866687	1.360905519	0.466293567	2.936380057
0.698	0.579866687	1.360905519	0.466293567	2.936380057
0.7	0.579866687	1.360905519	0.466293567	2.936380057
0.702	0.579866687	1.360905519	0.466293567	2.936380057
0.704	0.579866687	1.360905519	0.466293567	2.936380057
0.706	0.339700235	1.360905519	0.466293567	4.357686644
0.708	0.339700235	1.360905519	0.466293567	4.357686644
0.71	0.339700235	1.360905519	0.466293567	4.357686644
0.712	0.339700235	1.360905519	0.466293567	4.357686644
0.714	0.339700235	1.360905519	0.466293567	4.357686644
0.716	0.339700235	1.360905519	0.466293567	4.357686644
0.718	0.339700235	1.360905519	0.466293567	4.357686644
0.72	0.339700235	1.360905519	0.466293567	4.357686644
0.722	0.339700235	1.360905519	0.466293567	4.357686644
0.724	0.339700235	1.360905519	0.466293567	4.357686644
0.726	0.339700235	1.360905519	0.466293567	4.357686644
0.728	0.339700235	1.360905519	0.466293567	4.357686644
0.73	0.339700235	1.360905519	0.466293567	4.357686644
0.732	0.339700235	1.360905519	0.466293567	4.357686644
0.734	0.339700235	1.360905519	0.466293567	4.357686644
0.736	0.339700235	1.360905519	0.466293567	4.357686644
0.738	0.339700235	1.360905519	0.466293567	4.357686644
0.74	0.339700235	1.360905519	0.466293567	4.357686644
0.742	0.339700235	1.360905519	0.466293567	4.357686644
0.744	0.339700235	1.360905519	0.466293567	4.357686644
0.746	0.339700235	1.360905519	0.466293567	4.357686644
0.748	0.339700235	1.360905519	0.466293567	4.357686644
0.75	0.339700235	1.360905519	0.466293567	4.357686644
0.752	0.339700235	1.360905519	0.466293567	4.357686644
0.754	0.339700235	1.360905519	0.466293567	4.357686644
0.756	0.339700235	1.360905519	0.466293567	4.357686644
0.758	0.339700235	1.360905519	0.466293567	4.357686644
0.76	0.339700235	1.360905519	0.466293567	4.357686644
0.762	0.339700235	1.360905519	0.466293567	4.357686644
0.764	0.339700235	1.360905519	0.466293567	4.357686644
0.766	0.339700235	1.360905519	0.466293567	4.357686644
0.768	0.339700235	1.360905519	0.466293567	4.357686644
0.77	0.339700235	1.360905519	0.466293567	4.357686644
0.772	0.339700235	1.360905519	0.466293567	4.357686644
0.774	0.339700235	1.360905519	0.466293567	4.357686644
0.776	0.339700235	1.360905519	0.466293567	4.357686644
0.778	0.339700235	1.360905519	0.466293567	4.357686644
0.78	0.339700235	1.360905519	0.466293567	4.357686644
0.782	0.339700235	1.360905519	0.466293567	4.357686644
0.784	0.339700235	1.360905519	0.466293567	4.357686644
0.786	0.339700235	1.360905519	0.466293567	4.357686644
0.788	0.339700235	1.360905519	0.466293567	4.357686644
0.79	0.339700235	1.360905519	0.466293567	4.357686644
0.792	0.339700235	1.360905519	0.466293567	4.357686644
0.794	0.339700235	1.360905519	0.466293567	4.357686644
0.796	0.339700235	1.360905519	0.466293567	4.357686644
0.798	0.339700235	1.360905519	0.466293567	4.357686644
0.8	0.339700235	1.360905519	0.466293567	4.357686644
0.802	0.339700235	1.360905519	0.466293567	4.357686644
0.804	0.339700235	1.360905519	0.466293567	4.357686644
0.806	0.339700235	1.360905519	0.466293567	4.357686644
0.808	0.339700235	1.360905519	0.466293567	4.357686644
0.81	0.339700235	1.360905519	0.466293567	4.357686644
0.812	0.339700235	1.360905519	0.466293567	4.357686644
0.814	0.339700235	1.360905519	0.466293567	4.357686644
0.816	0.339700235	1.360905519	0.466293567	4.357686644
0.818	0.339700235	1.360905519	0.466293567	4.357686644
0.82	0.339700235	1.360905519	0.466293567	4.357686644
0.822	0.339700235	1.360905519	0.466293567	4.357686644
0.824	0.125	0	0.1	2
0.826	0.125	0	0.1	2
0.828	0.125	0	0.1	2
0.83	0.125	0	0.1	2
0.832	0.125	0	0.1	2
0.834	0.125	0	0.1	2
0.836	0.125	0	0.1	2
0.838	0.125	0	0.1	2
0.84	0.125	0	0.1	2
0.842	0.125	0	0.1	2
0.844	0.125	0	0.1	2
0.846	0.125	0	0.1	2
0.848	0.125	0	0.1	2
0.85	0.125	0	0.1	2
0.852	0.125	0	0.1	2
0.854	0.125	0	0.1	2
0.856	0.125	0	0.1	2
0.858	0.125	0	0.1	2
0.86	0.125	0	0.1	2
0.862	0.125	0	0.1	2
0.864	0.125	0	0.1	2
0.866	0.125	0	0.1	2
0.868	0.125	0	0.1	2
0.87	0.125	0	0.1	2
0.872	0.125	0	0.1	2
0.874	0.125	0	0.1	2
0.876	0.125	0	0.1	2
0.878	0.125	0	0.1	2
0.88	0.125	0	0.1	2
0.882	0.125	0	0.1	2
0.884	0.125	0	0.1	2
0.886	0.125	0	0.1	2
0.888	0.125	0	0.1	2
0.89	0.125	0	0.1	2
0.892	0.125	0	0.1	2
0.894	0.125	0	0.1	2
0.896	0.125	0	0.1	2
0.898	0.125	0	0.1	2
0.9	0.125	0	0.1	2
0.902	0.125	0	0.1	2
0.904	0.125	0	0.1	2
0.906	0.125	0	0.1	2
0.908	0.125	0	0.1	2
0.91	0.125	0	0.1	2
0.912	0.125	0	0.1	2
0.914	0.125	0	0.1	2
0.916	0.125	0	0.1	2
0.918	0.125	0	0.1	2
0.92	0.125	0	0.1	2
0.922	0.125	0	0.1	2
0.924	0.125	0	0.1	2
0.926	0.125	0	0.1	2
0.928	0.125	0	0.1	2
0.93	0.125	0	0.1	2
0.932	0.125	0	0.1	2
0.934	0.125	0	0.1	2
0.936	0.125	0	0.1	2
0.938	0.125	0	0.1	2
0.94	0.125	0	0.1	2
0.942	0.125	0	0.1	2
0.944	0.125	0	0.1	2
0.946	0.125	0	0.1	2
0.948	0.125	0	0.1	2
0.95	0.125	0	0.1	2
0.952	0.125	0	0.1	2
0.954	0.125	0	0.1	2
0.956	0.125	0	0.1	2
0.958	0.125	0	0.1	2
0.96	0.125	0	0.1	2
0.962	0.125	0	0.1	2
0.964	0.125	0	0.1	2
0.966	0.125	0	0.1	2
0.968	0.125	0	0.1	2
0.97	0.125	0	0.1	2
0.972	0.125	0	0.1	2
0.974	0.125	0	0.1	2
0.976	0.125	0	0.1	2
0.978	0.125	0	0.1	2
0.98	0.125	0	0.1	2
0.982	0.125	0	0.1	2
0.984	0.125	0	0.1	2
0.986	0.125	0	0.1	2
0.988	0.125	0	0.1	2
0.99	0.125	0	0.1	2
0.992	0.125	0	0.1	2
0.994	0.125	0	0.1	2
0.996	0.125	0	0.1	2
0.998	0.125	0	0.1	2
1	0.125	0	0.1	2