xe	re	ue	pe	Ee
0	1	-2	1	4.5
0.002	1	-2	1	4.5
0.004	1	-2	1	4.5
0.006	1	-2	1	4.5
0.008	1	-2	1	4.5
0.01	1	-2	1	4.5
0.012	1	-2	1	4.5
0.014	1	-2	1	4.5
0.016	1	-2	1	4.5
0.018	1	-2	1	4.5
0.02	1	-2	1	4.5
0.022	1	-2	1	4.5
0.024	0.993059067	-1.991764481	0.990296202	4.476607433
0.026	0.983755704	-1.980653369	0.977332113	4.445169733
0.028	0.974522199	-1.969542258	0.964513767	4.413873126
0.03	0.965358156	-1.958431147	0.951839795	4.382717613
0.032	0.956263183	-1.947320036	0.939308841	4.351703193
0.034	0.94723689	-1.936208925	0.926919555	4.320829867
0.036	0.938278886	-1.925097814	0.914670602	4.290097634
0.038	0.929388783	-1.913986703	0.902560654	4.259506494
0.04	0.920566194	-1.902875592	0.890588394	4.229056448
0.042	0.911810734	-1.891764481	0.878752515	4.198747496
0.044	0.90312202	-1.880653369	0.86705172	4.168579637
0.046	0.894499669	-1.869542258	0.855484722	4.138552871
0.048	0.885943299	-1.858431147	0.844050242	4.108667199
0.05	0.877452533	-1.847320036	0.832747015	4.078922621
0.052	0.869026991	-1.836208925	0.821573781	4.049319135
0.054	0.860666297	-1.825097814	0.810529293	4.019856744
0.056	0.852370076	-1.813986703	0.799612312	3.990535446
0.058	0.844137955	-1.802875592	0.788821609	3.961355241
0.06	0.835969561	-1.791764481	0.778155964	3.93231613
0.062	0.827864524	-1.780653369	0.767614167	3.903418112
0.064	0.819822474	-1.769542258	0.757195017	3.874661188
0.066	0.811843043	-1.758431147	0.746897323	3.846045357
0.068	0.803925866	-1.747320036	0.736719903	3.81757062
0.07	0.796070577	-1.736208925	0.726661585	3.789236976
0.072	0.788276812	-1.725097814	0.716721203	3.761044425
0.074	0.78054421	-1.713986703	0.706897603	3.732992968
0.076	0.77287241	-1.702875592	0.697189641	3.705082605
0.078	0.765261052	-1.691764481	0.687596179	3.677313335
0.08	0.757709779	-1.680653369	0.67811609	3.649685159
0.082	0.750218234	-1.669542258	0.668748255	3.622198076
0.084	0.742786062	-1.658431147	0.659491563	3.594852086
0.086	0.73541291	-1.647320036	0.650344916	3.56764719
0.088	0.728098425	-1.636208925	0.641307218	3.540583387
0.09	0.720842257	-1.625097814	0.632377388	3.513660678
0.092	0.713644056	-1.613986703	0.623554351	3.486879063
0.094	0.706503474	-1.602875592	0.614837038	3.46023854
0.096	0.699420164	-1.591764481	0.606224394	3.433739112
0.098	0.692393782	-1.580653369	0.597715369	3.407380777
0.1	0.685423983	-1.569542258	0.58930892	3.381163535
0.102	0.678510426	-1.558431147	0.581004017	3.355087387
0.104	0.671652768	-1.547320036	0.572799635	3.329152332
0.106	0.664850671	-1.536208925	0.564694757	3.30335837
0.108	0.658103795	-1.525097814	0.556688377	3.277705503
0.11	0.651411805	-1.513986703	0.548779494	3.252193728
0.112	0.644774365	-1.502875592	0.540967117	3.226823047
0.114	0.638191139	-1.491764481	0.533250263	3.20159346
0.116	0.631661797	-1.480653369	0.525627956	3.176504966
0.118	0.625186005	-1.469542258	0.51809923	3.151557566
0.12	0.618763435	-1.458431147	0.510663124	3.126751259
0.122	0.612393756	-1.447320036	0.503318688	3.102086045
0.124	0.606076643	-1.436208925	0.496064978	3.077561925
0.126	0.599811769	-1.425097814	0.488901057	3.053178898
0.128	0.593598809	-1.413986703	0.481825997	3.028936965
0.13	0.58743744	-1.402875592	0.47483888	3.004836126
0.132	0.58132734	-1.391764481	0.46793879	2.98087638
0.134	0.575268188	-1.380653369	0.461124824	2.957057727
0.136	0.569259666	-1.369542258	0.454396083	2.933380168
0.138	0.563301454	-1.358431147	0.447751677	2.909843702
0.14	0.557393237	-1.347320036	0.441190724	2.88644833
0.142	0.5515347	-1.336208925	0.434712349	2.863194051
0.144	0.545725527	-1.325097814	0.428315683	2.840080866
0.146	0.539965407	-1.313986703	0.421999866	2.817108774
0.148	0.534254029	-1.302875592	0.415764044	2.794277775
0.15	0.528591082	-1.291764481	0.409607372	2.771587871
0.152	0.522976258	-1.280653369	0.40352901	2.749039059
0.154	0.517409249	-1.269542258	0.397528127	2.726631341
0.156	0.511889749	-1.258431147	0.391603897	2.704364717
0.158	0.506417454	-1.247320036	0.385755504	2.682239186
0.16	0.50099206	-1.236208925	0.379982136	2.660254748
0.162	0.495613264	-1.225097814	0.37428299	2.638411404
0.164	0.490280767	-1.213986703	0.368657268	2.616709154
0.166	0.484994269	-1.202875592	0.363104181	2.595147997
0.168	0.479753471	-1.191764481	0.357622946	2.573727933
0.17	0.474558077	-1.180653369	0.352212785	2.552448963
0.172	0.46940779	-1.169542258	0.346872931	2.531311086
0.174	0.464302317	-1.158431147	0.341602618	2.510314303
0.176	0.459241364	-1.147320036	0.336401092	2.489458613
0.178	0.454224639	-1.136208925	0.331267602	2.468744017
0.18	0.449251853	-1.125097814	0.326201405	2.448170514
0.182	0.444322715	-1.113986703	0.321201765	2.427738105
0.184	0.439436938	-1.102875592	0.316267951	2.407446789
0.186	0.434594236	-1.091764481	0.311399239	2.387296567
0.188	0.429794322	-1.080653369	0.306594911	2.367287438
0.19	0.426319428	-1.07254738	0.303130178	2.352779011
0.192	0.426319428	-1.07254738	0.303130178	2.352779011
0.194	0.426319428	-1.07254738	0.303130178	2.352779011
0.196	0.426319428	-1.07254738	0.303130178	2.352779011
0.198	0.426319428	-1.07254738	0.303130178	2.352779011
0.2	0.426319428	-1.07254738	0.303130178	2.352779011
0.202	0.426319428	-1.07254738	0.303130178	2.352779011
0.204	0.426319428	-1.07254738	0.303130178	2.352779011
0.206	0.426319428	-1.07254738	0.303130178	2.352779011
0.208	0.426319428	-1.07254738	0.303130178	2.352779011
0.21	0.426319428	-1.07254738	0.303130178	2.352779011
0.212	0.426319428	-1.07254738	0.303130178	2.352779011
0.214	0.426319428	-1.07254738	0.303130178	2.352779011
0.216	0.426319428	-1.07254738	0.303130178	2.352779011
0.218	0.426319428	-1.07254738	0.303130178	2.352779011
0.22	0.426319428	-1.07254738	0.303130178	2.352779011
0.222	0.426319428	-1.07254738	0.303130178	2.352779011
0.224	0.426319428	-1.07254738	0.303130178	2.352779011
0.226	0.426319428	-1.07254738	0.303130178	2.352779011
0.228	0.426319428	-1.07254738	0.303130178	2.352779011
0.23	0.426319428	-1.07254738	0.303130178	2.352779011
0.232	0.426319428	-1.07254738	0.303130178	2.352779011
0.234	0.426319428	-1.07254738	0.303130178	2.352779011
0.236	0.426319428	-1.07254738	0.303130178	2.352779011
0.238	0.426319428	-1.07254738	0.303130178	2.352779011
0.24	0.426319428	-1.07254738	0.303130178	2.352779011
0.242	0.426319428	-1.07254738	0.303130178	2.352779011
0.244	0.426319428	-1.07254738	0.303130178	2.352779011
0.246	0.426319428	-1.07254738	0.303130178	2.352779011
0.248	0.426319428	-1.07254738	0.303130178	2.352779011
0.25	0.426319428	-1.07254738	0.303130178	2.352779011
0.252	0.426319428	-1.07254738	0.303130178	2.352779011
0.254	0.426319428	-1.07254738	0.303130178	2.352779011
0.256	0.426319428	-1.07254738	0.303130178	2.352779011
0.258	0.426319428	-1.07254738	0.303130178	2.352779011
0.26	0.426319428	-1.07254738	0.303130178	2.352779011
0.262	0.426319428	-1.07254738	0.303130178	2.352779011
0.264	0.426319428	-1.07254738	0.303130178	2.352779011
0.266	0.426319428	-1.07254738	0.303130178	2.352779011
0.268	0.426319428	-1.07254738	0.303130178	2.352779011
0.27	0.426319428	-1.07254738	0.303130178	2.352779011
0.272	0.426319428	-1.07254738	0.303130178	2.352779011
0.274	0.426319428	-1.07254738	0.303130178	2.352779011
0.276	0.426319428	-1.07254738	0.303130178	2.352779011
0.278	0.426319428	-1.07254738	0.303130178	2.352779011
0.28	0.426319428	-1.07254738	0.303130178	2.352779011
0.282	0.426319428	-1.07254738	0.303130178	2.352779011
0.284	0.426319428	-1.07254738	0.303130178	2.352779011
0.286	0.426319428	-1.07254738	0.303130178	2.352779011
0.288	0.426319428	-1.07254738	0.303130178	2.352779011
0.29	0.426319428	-1.07254738	0.303130178	2.352779011
0.292	0.426319428	-1.07254738	0.303130178	2.352779011
0.294	0.426319428	-1.07254738	0.303130178	2.352779011
0.296	0.426319428	-1.07254738	0.303130178	2.352779011
0.298	0.426319428	-1.07254738	0.303130178	2.352779011
0.3	0.426319428	-1.07254738	0.303130178	2.352779011
0.302	0.426319428	-1.07254738	0.303130178	2.352779011
0.304	0.426319428	-1.07254738	0.303130178	2.352779011
0.306	0.426319428	-1.07254738	0.303130178	2.352779011
0.308	0.426319428	-1.07254738	0.303130178	2.352779011
0.31	0.426319428	-1.07254738	0.303130178	2.352779011
0.312	0.426319428	-1.07254738	0.303130178	2.352779011
0.314	0.426319428	-1.07254738	0.303130178	2.352779011
0.316	0.426319428	-1.07254738	0.303130178	2.352779011
0.318	0.426319428	-1.07254738	0.303130178	2.352779011
0.32	0.426319428	-1.07254738	0.303130178	2.352779011
0.322	0.426319428	-1.07254738	0.303130178	2.352779011
0.324	0.426319428	-1.07254738	0.303130178	2.352779011
0.326	0.426319428	-1.07254738	0.303130178	2.352779011
0.328	0.426319428	-1.07254738	0.303130178	2.352779011
0.33	0.426319428	-1.07254738	0.303130178	2.352779011
0.332	0.426319428	-1.07254738	0.303130178	2.352779011
0.334	0.426319428	-1.07254738	0.303130178	2.352779011
0.336	0.426319428	-1.07254738	0.303130178	2.352779011
0.338	0.426319428	-1.07254738	0.303130178	2.352779011
0.34	0.265573712	-1.07254738	0.303130178	3.428719829
0.342	0.265573712	-1.07254738	0.303130178	3.428719829
0.344	0.265573712	-1.07254738	0.303130178	3.428719829
0.346	0.265573712	-1.07254738	0.303130178	3.428719829
0.348	0.265573712	-1.07254738	0.303130178	3.428719829
0.35	0.265573712	-1.07254738	0.303130178	3.428719829
0.352	0.265573712	-1.07254738	0.303130178	3.428719829
0.354	0.265573712	-1.07254738	0.303130178	3.428719829
0.356	0.265573712	-1.07254738	0.303130178	3.428719829
0.358	0.265573712	-1.07254738	0.303130178	3.428719829
0.36	0.265573712	-1.07254738	0.303130178	3.428719829
0.362	0.265573712	-1.07254738	0.303130178	3.428719829
0.364	0.265573712	-1.07254738	0.303130178	3.428719829
0.366	0.265573712	-1.07254738	0.303130178	3.428719829
0.368	0.265573712	-1.07254738	0.303130178	3.428719829
0.37	0.265573712	-1.07254738	0.303130178	3.428719829
0.372	0.265573712	-1.07254738	0.303130178	3.428719829
0.374	0.265573712	-1.07254738	0.303130178	3.428719829
0.376	0.265573712	-1.07254738	0.303130178	3.428719829
0.378	0.265573712	-1.07254738	0.303130178	3.428719829
0.38	0.265573712	-1.07254738	0.303130178	3.428719829
0.382	0.265573712	-1.07254738	0.303130178	3.428719829
0.384	0.265573712	-1.07254738	0.303130178	3.428719829
0.386	0.265573712	-1.07254738	0.303130178	3.428719829
0.388	0.265573712	-1.07254738	0.303130178	3.428719829
0.39	0.265573712	-1.07254738	0.303130178	3.428719829
0.392	0.265573712	-1.07254738	0.303130178	3.428719829
0.394	0.265573712	-1.07254738	0.303130178	3.428719829
0.396	0.265573712	-1.07254738	0.303130178	3.428719829
0.398	0.265573712	-1.07254738	0.303130178	3.428719829
0.4	0.265573712	-1.07254738	0.303130178	3.428719829
0.402	0.265573712	-1.07254738	0.303130178	3.428719829
0.404	0.265573712	-1.07254738	0.303130178	3.428719829
0.406	0.265573712	-1.07254738	0.303130178	3.428719829
0.408	0.265573712	-1.07254738	0.303130178	3.428719829
0.41	0.265573712	-1.07254738	0.303130178	3.428719829
0.412	0.265573712	-1.07254738	0.303130178	3.428719829
0.414	0.265573712	-1.07254738	0.303130178	3.428719829
0.416	0.265573712	-1.07254738	0.303130178	3.428719829
0.418	0.265573712	-1.07254738	0.303130178	3.428719829
0.42	0.265573712	-1.07254738	0.303130178	3.428719829
0.422	0.265573712	-1.07254738	0.303130178	3.428719829
0.424	0.265573712	-1.07254738	0.303130178	3.428719829
0.426	0.265573712	-1.07254738	0.303130178	3.428719829
0.428	0.265573712	-1.07254738	0.303130178	3.428719829
0.43	0.265573712	-1.07254738	0.303130178	3.428719829
0.432	0.265573712	-1.07254738	0.303130178	3.428719829
0.434	0.265573712	-1.07254738	0.303130178	3.428719829
0.436	0.265573712	-1.07254738	0.303130178	3.428719829
0.438	0.265573712	-1.07254738	0.303130178	3.428719829
0.44	0.265573712	-1.07254738	0.303130178	3.428719829
0.442	0.265573712	-1.07254738	0.303130178	3.428719829
0.444	0.265573712	-1.07254738	0.303130178	3.428719829
0.446	0.265573712	-1.07254738	0.303130178	3.428719829
0.448	0.265573712	-1.07254738	0.303130178	3.428719829
0.45	0.265573712	-1.07254738	0.303130178	3.428719829
0.452	0.265573712	-1.07254738	0.303130178	3.428719829
0.454	0.265573712	-1.07254738	0.303130178	3.428719829
0.456	0.265573712	-1.07254738	0.303130178	3.428719829
0.458	0.265573712	-1.07254738	0.303130178	3.428719829
0.46	0.265573712	-1.07254738	0.303130178	3.428719829
0.462	0.265573712	-1.07254738	0.303130178	3.428719829
0.464	0.125	-2	0.1	4
0.466	0.125	-2	0.1	4
0.468	0.125	-2	0.1	4
0.47	0.125	-2	0.1	4
0.472	0.125	-2	0.1	4
0.474	0.125	-2	0.1	4
0.476	0.125	-2	0.1	4
0.478	0.125	-2	0.1	4
0.48	0.125	-2	0.1	4
0.482	0.125	-2	0.1	4
0.484	0.125	-2	0.1	4
0.486	0.125	-2	0.1	4
0.488	0.125	-2	0.1	4
0.49	0.125	-2	0.1	4
0.492	0.125	-2	0.1	4
0.494	0.125	-2	0.1	4
0.496	0.125	-2	0.1	4
0.498	0.125	-2	0.1	4
0.5	0.125	-2	0.1	4
0.502	0.125	-2	0.1	4
0.504	0.125	-2	0.1	4
0.506	0.125	-2	0.1	4
0.508	0.125	-2	0.1	4
0.51	0.125	-2	0.1	4
0.512	0.125	-2	0.1	4
0.514	0.125	-2	0.1	4
0.516	0.125	-2	0.1	4
0.518	0.125	-2	0.1	4
0.52	0.125	-2	0.1	4
0.522	0.125	-2	0.1	4
0.524	0.125	-2	0.1	4
0.526	0.125	-2	0.1	4
0.528	0.125	-2	0.1	4
0.53	0.125	-2	0.1	4
0.532	0.125	-2	0.1	4
0.534	0.125	-2	0.1	4
0.536	0.125	-2	0.1	4
0.538	0.125	-2	0.1	4
0.54	0.125	-2	0.1	4
0.542	0.125	-2	0.1	4
0.544	0.125	-2	0.1	4
0.546	0.125	-2	0.1	4
0.548	0.125	-2	0.1	4
0.55	0.125	-2	0.1	4
0.552	0.125	-2	0.1	4
0.554	0.125	-2	0.1	4
0.556	0.125	-2	0.1	4
0.558	0.125	-2	0.1	4
0.56	0.125	-2	0.1	4
0.562	0.125	-2	0.1	4
0.564	0.125	-2	0.1	4
0.566	0.125	-2	0.1	4
0.568	0.125	-2	0.1	4
0.57	0.125	-2	0.1	4
0.572	0.125	-2	0.1	4
0.574	0.125	-2	0.1	4
0.576	0.125	-2	0.1	4
0.578	0.125	-2	0.1	4
0.58	0.125	-2	0.1	4
0.582	0.125	-2	0.1	4
0.584	0.125	-2	0.1	4
0.586	0.125	-2	0.1	4
0.588	0.125	-2	0.1	4
0.59	0.125	-2	0.1	4
0.592	0.125	-2	0.1	4
0.594	0.125	-2	0.1	4
0.596	0.125	-2	0.1	4
0.598	0.125	-2	0.1	4
0.6	0.125	-2	0.1	4
0.602	0.125	-2	0.1	4
0.604	0.125	-2	0.1	4
0.606	0.125	-2	0.1	4
0.608	0.125	-2	0.1	4
0.61	0.125	-2	0.1	4
0.612	0.125	-2	0.1	4
0.614	0.125	-2	0.1	4
0.616	0.125	-2	0.1	4
0.618	0.125	-2	0.1	4
0.62	0.125	-2	0.1	4
0.622	0.125	-2	0.1	4
0.624	0.125	-2	0.1	4
0.626	0.125	-2	0.1	4
0.628	0.125	-2	0.1	4
0.63	0.125	-2	0.1	4
0.632	0.125	-2	0.1	4
0.634	0.125	-2	0.1	4
0.636	0.125	-2	0.1	4
0.638	0.125	-2	0.1	4
0.64	0.125	-2	0.1	4
0.642	0.125	-2	0.1	4
0.644	0.125	-2	0.1	4
0.646	0.125	-2	0.1	4
0.648	0.125	-2	0.1	4
0.65	0.125	-2	0.1	4
0.652	0.125	-2	0.1	4
0.654	0.125	-2	0.1	4
0.656	0.125	-2	0.1	4
0.658	0.125	-2	0.1	4
0.66	0.125	-2	0.1	4
0.662	0.125	-2	0.1	4
0.664	0.125	-2	0.1	4
0.666	0.125	-2	0.1	4
0.668	0.125	-2	0.1	4
0.67	0.125	-2	0.1	4
0.672	0.125	-2	0.1	4
0.674	0.125	-2	0.1	4
0.676	0.125	-2	0.1	4
0.678	0.125	-2	0.1	4
0.68	0.125	-2	0.1	4
0.682	0.125	-2	0.1	4
0.684	0.125	-2	0.1	4
0.686	0.125	-2	0.1	4
0.688	0.125	-2	0.1	4
0.69	0.125	-2	0.1	4
0.692	0.125	-2	0.1	4
0.694	0.125	-2	0.1	4
0.696	0.125	-2	0.1	4
0.698	0.125	-2	0.1	4
0.7	0.125	-2	0.1	4
0.702	0.125	-2	0.1	4
0.704	0.125	-2	0.1	4
0.706	0.125	-2	0.1	4
0.708	0.125	-2	0.1	4
0.71	0.125	-2	0.1	4
0.712	0.125	-2	0.1	4
0.714	0.125	-2	0.1	4
0.716	0.125	-2	0.1	4
0.718	0.125	-2	0.1	4
0.72	0.125	-2	0.1	4
0.722	0.125	-2	0.1	4
0.724	0.125	-2	0.1	4
0.726	0.125	-2	0.1	4
0.728	0.125	-2	0.1	4
0.73	0.125	-2	0.1	4
0.732	0.125	-2	0.1	4
0.734	0.125	-2	0.1	4
0.736	0.125	-2	0.1	4
0.738	0.125	-2	0.1	4
0.74	0.125	-2	0.1	4
0.742	0.125	-2	0.1	4
0.744	0.125	-2	0.1	4
0.746	0.125	-2	0.1	4
0.748	0.125	-2	0.1	4
0.75	0.125	-2	0.1	4
0.752	0.125	-2	0.1	4
0.754	0.125	-2	0.1	4
0.756	0.125	-2	0.1	4
0.758	0.125	-2	0.1	4
0.76	0.125	-2	0.1	4
0.762	0.125	-2	0.1	4
0.764	0.125	-2	0.1	4
0.766	0.125	-2	0.1	4
0.768	0.125	-2	0.1	4
0.77	0.125	-2	0.1	4
0.772	0.125	-2	0.1	4
0.774	0.125	-2	0.1	4
0.776	0.125	-2	0.1	4
0.778	0.125	-2	0.1	4
0.78	0.125	-2	0.1	4
0.782	0.125	-2	0.1	4
0.784	0.125	-2	0.1	4
0.786	0.125	-2	0.1	4
0.788	0.125	-2	0.1	4
0.79	0.125	-2	0.1	4
0.792	0.125	-2	0.1	4
0.794	0.125	-2	0.1	4
0.796	0.125	-2	0.1	4
0.798	0.125	-2	0.1	4
0.8	0.125	-2	0.1	4
0.802	0.125	-2	0.1	4
0.804	0.125	-2	0.1	4
0.806	0.125	-2	0.1	4
0.808	0.125	-2	0.1	4
0.81	0.125	-2	0.1	4
0.812	0.125	-2	0.1	4
0.814	0.125	-2	0.1	4
0.816	0.125	-2	0.1	4
0.818	0.125	-2	0.1	4
0.82	0.125	-2	0.1	4
0.822	0.125	-2	0.1	4
0.824	0.125	-2	0.1	4
0.826	0.125	-2	0.1	4
0.828	0.125	-2	0.1	4
0.83	0.125	-2	0.1	4
0.832	0.125	-2	0.1	4
0.834	0.125	-2	0.1	4
0.836	0.125	-2	0.1	4
0.838	0.125	-2	0.1	4
0.84	0.125	-2	0.1	4
0.842	0.125	-2	0.1	4
0.844	0.125	-2	0.1	4
0.846	0.125	-2	0.1	4
0.848	0.125	-2	0.1	4
0.85	0.125	-2	0.1	4
0.852	0.125	-2	0.1	4
0.854	0.125	-2	0.1	4
0.856	0.125	-2	0.1	4
0.858	0.125	-2	0.1	4
0.86	0.125	-2	0.1	4
0.862	0.125	-2	0.1	4
0.864	0.125	-2	0.1	4
0.866	0.125	-2	0.1	4
0.868	0.125	-2	0.1	4
0.87	0.125	-2	0.1	4
0.872	0.125	-2	0.1	4
0.874	0.125	-2	0.1	4
0.876	0.125	-2	0.1	4
0.878	0.125	-2	0.1	4
0.88	0.125	-2	0.1	4
0.882	0.125	-2	0.1	4
0.884	0.125	-2	0.1	4
0.886	0.125	-2	0.1	4
0.888	0.125	-2	0.1	4
0.89	0.125	-2	0.1	4
0.892	0.125	-2	0.1	4
0.894	0.125	-2	0.1	4
0.896	0.125	-2	0.1	4
0.898	0.125	-2	0.1	4
0.9	0.125	-2	0.1	4
0.902	0.125	-2	0.1	4
0.904	0.125	-2	0.1	4
0.906	0.125	-2	0.1	4
0.908	0.125	-2	0.1	4
0.91	0.125	-2	0.1	4
0.912	0.125	-2	0.1	4
0.914	0.125	-2	0.1	4
0.916	0.125	-2	0.1	4
0.918	0.125	-2	0.1	4
0.92	0.125	-2	0.1	4
0.922	0.125	-2	0.1	4
0.924	0.125	-2	0.1	4
0.926	0.125	-2	0.1	4
0.928	0.125	-2	0.1	4
0.93	0.125	-2	0.1	4
0.932	0.125	-2	0.1	4
0.934	0.125	-2	0.1	4
0.936	0.125	-2	0.1	4
0.938	0.125	-2	0.1	4
0.94	0.125	-2	0.1	4
0.942	0.125	-2	0.1	4
0.944	0.125	-2	0.1	4
0.946	0.125	-2	0.1	4
0.948	0.125	-2	0.1	4
0.95	0.125	-2	0.1	4
0.952	0.125	-2	0.1	4
0.954	0.125	-2	0.1	4
0.956	0.125	-2	0.1	4
0.958	0.125	-2	0.1	4
0.96	0.125	-2	0.1	4
0.962	0.125	-2	0.1	4
0.964	0.125	-2	0.1	4
0.966	0.125	-2	0.1	4
0.968	0.125	-2	0.1	4
0.97	0.125	-2	0.1	4
0.972	0.125	-2	0.1	4
0.974	0.125	-2	0.1	4
0.976	0.125	-2	0.1	4
0.978	0.125	-2	0.1	4
0.98	0.125	-2	0.1	4
0.982	0.125	-2	0.1	4
0.984	0.125	-2	0.1	4
0.986	0.125	-2	0.1	4
0.988	0.125	-2	0.1	4
0.99	0.125	-2	0.1	4
0.992	0.125	-2	0.1	4
0.994	0.125	-2	0.1	4
0.996	0.125	-2	0.1	4
0.998	0.125	-2	0.1	4
1	0.125	-2	0.1	4